antes:
Algorithm	Score	Std Dev	Time (ms)
8	BC	81.5465	3.5101	11666
13	VC	81.3166	3.7885	45812
11	RF	81.0841	4.3619	11169
10	GB	80.6230	2.7590	12320
6	MLP	80.2834	4.7350	84358
0	LR	79.9412	5.1163	2849
9	ET	79.5938	4.5237	9259
12	XGB	79.5899	2.2581	4532
2	LDA	78.7918	4.7886	496
1	DT	78.4444	2.6234	434
3	NB	76.1586	6.3555	438
7	ABDT	74.1967	4.5761	14565
4	KNN	68.8205	4.4770	505
5	SVM	68.8153	4.7243	6114

c/ normalizacao parcial:
Algorithm	Score	Std Dev	Time (ms)
8	BC	81.5465	3.5101	11680
13	VC	81.2004	3.6610	40513
11	RF	81.0841	4.3619	10774
10	GB	81.0750	3.1107	12179
6	MLP	79.5964	4.4487	83948
9	ET	79.5938	4.5237	9131
12	XGB	79.5899	2.2581	4419
4	KNN	78.9002	3.4718	603
5	SVM	78.8963	4.1485	2744
2	LDA	78.7918	4.7886	498
1	DT	78.4444	2.6234	457
0	LR	78.3346	4.5550	1574
3	NB	76.1586	6.3555	431
7	ABDT	74.1967	4.6902	14355

c/ normalizacao:

